nodenumber,    x-coordinate,    y-coordinate,    z-coordinate,pressure-coefficient
         1,-4.502665267E-02, 7.558185665E-02, 2.500008399E-02,-1.252134972E+00
         2,-2.890345129E-02, 7.569507575E-02, 2.500000245E-02,-6.389258857E-01
         3,-2.466102230E-02, 7.617186555E-02, 2.500000001E-02,-5.596703243E-01
         4,-4.793267117E-02, 7.640598791E-02, 2.500000040E-02,-1.350915087E+00
         5,-5.044814637E-02, 7.810083162E-02, 2.500009290E-02,-6.682353305E-01
         6,-8.681111368E-03, 7.844801084E-02, 2.500005352E-02,-3.790150743E-01
         7,-1.090386645E-03, 7.964505804E-02, 2.500008214E-02,-2.954710419E-01
         8,-5.120966810E-02, 8.004096120E-02, 2.500004330E-02, 7.179491299E-01
         9,-5.112716175E-02, 8.101146618E-02, 2.500005268E-02, 1.043314923E+00
        10, 1.062096486E-02, 8.159563500E-02, 2.500010221E-02,-1.602903641E-01
        11, 3.672283173E-02, 8.591920684E-02, 2.500002724E-02, 3.913455653E-02
        12, 4.242876425E-02, 8.685630944E-02, 2.500009869E-02, 7.521803540E-02
        13, 4.806331155E-02, 8.776475424E-02, 2.499999980E-02, 1.161507117E-01
        14, 4.837240706E-02, 8.781402097E-02, 2.500000934E-02, 1.190794652E-01
        15, 4.848832068E-02, 8.783246154E-02, 2.499999850E-02, 1.188791819E-01
        16, 4.845520112E-02, 8.821101617E-02, 2.499999930E-02, 1.184809410E-01
        17, 4.828411913E-02, 8.825386162E-02, 2.500000074E-02, 1.155078532E-01
        18, 4.804613148E-02, 8.831343013E-02, 2.499999925E-02, 1.134254303E-01
        19, 4.719422621E-02, 8.852629862E-02, 2.500000075E-02, 1.028910368E-01
        20, 4.621969218E-02, 8.876836523E-02, 2.500000000E-02, 9.070169321E-02
        21,-4.950753844E-02, 7.724273044E-02, 2.500021452E-02,-1.175063835E+00
        22, 4.670564402E-02, 8.864843693E-02, 2.500012457E-02, 9.691353570E-02
        23, 4.009510804E-02, 9.019410838E-02, 2.500010605E-02, 1.608542196E-04
        24, 3.901435697E-02, 9.042268449E-02, 2.500011877E-02,-1.849800596E-02
        25,-3.721141130E-02, 9.117093728E-02, 2.500004223E-02,-3.391625342E-01
        26, 2.892679490E-02, 9.231540777E-02, 2.500008856E-02,-1.777255729E-01
        27, 2.563485388E-02, 9.284163970E-02, 2.500013948E-02,-2.178633438E-01
        28, 2.095772395E-02, 9.351425847E-02, 2.500006466E-02,-2.724922676E-01
        29,-2.764101036E-02, 9.373110826E-02, 2.500008519E-02,-5.422078864E-01
        30,-2.202270368E-02, 9.463205171E-02, 2.500011808E-02,-5.873046005E-01
        31,-2.901609055E-03, 9.547241749E-02, 2.500007167E-02,-5.052047285E-01
        32,-3.703515787E-02, 7.513570876E-02, 2.500029894E-02,-8.515124235E-01
        33,-4.628043876E-02, 7.585820375E-02, 2.500025795E-02,-1.313772219E+00
        34,-1.632816461E-02, 7.732033058E-02, 2.500027774E-02,-4.583040789E-01
        35, 9.487773806E-03, 9.477424466E-02, 2.500018679E-02,-3.946886312E-01
        36, 1.578738896E-02, 8.246265496E-02, 2.500032687E-02,-1.123739908E-01
        37, 2.336720145E-02, 8.373178664E-02, 2.500026044E-02,-5.259358698E-02
        38, 3.140339109E-02, 8.505671262E-02, 2.500037036E-02, 6.328165365E-03
        39, 4.065990766E-02, 8.656558098E-02, 2.500026753E-02, 6.392990637E-02
        40,-4.571962000E-02, 8.710549065E-02, 2.500036164E-02, 1.865090324E-01
        41, 4.650413768E-02, 8.751718957E-02, 2.500037513E-02, 1.056725317E-01
        42, 4.185576510E-02, 8.980605789E-02, 2.500028301E-02, 2.668876768E-02
        43, 1.369493858E-02, 9.437709178E-02, 2.500032691E-02,-3.523026275E-01
        44, 3.526664603E-02, 9.118030973E-02, 2.500047131E-02,-8.068525453E-02
        45,-3.255032260E-02, 7.537585402E-02, 2.500059559E-02,-7.235007104E-01
        46,-2.466146612E-02, 7.617339022E-02, 2.500047827E-02,-5.596808971E-01
        47,-1.132914717E-02, 7.804906686E-02, 2.500048262E-02,-4.050002377E-01
        48,-5.017650530E-02, 8.313661307E-02, 2.500062402E-02, 9.284994187E-01
        49, 4.712346001E-02, 8.761676829E-02, 2.500058288E-02, 1.098226052E-01
        50,-3.939083198E-02, 9.034104728E-02, 2.500060158E-02,-2.547681888E-01
        51, 1.831684094E-02, 9.385296373E-02, 2.500054951E-02,-3.017216499E-01
        52,-2.263326394E-02, 9.455377650E-02, 2.500058872E-02,-5.845976979E-01
        53, 6.366290752E-03, 9.502264281E-02, 2.500055336E-02,-4.224443283E-01
        54,-4.243886834E-02, 7.526292586E-02, 2.500064751E-02,-1.090219788E+00
        55,-5.098638590E-02, 7.902007385E-02, 2.500070295E-02, 6.287960412E-02
        56, 6.692564570E-03, 8.093847297E-02, 2.500066252E-02,-2.043172366E-01
        57,-5.041077699E-02, 8.274559597E-02, 2.500069476E-02, 9.863251623E-01
        58, 3.357407780E-02, 8.540991300E-02, 2.500065943E-02, 2.108251345E-02
        59,-4.287656725E-02, 8.874651118E-02, 2.500068262E-02,-6.248264275E-02
        60,-1.715103044E-02, 9.513751972E-02, 2.500058510E-02,-5.914062183E-01
        61,-5.065255240E-02, 8.233645494E-02, 2.500082505E-02, 1.044984337E+00
        62, 1.961328097E-02, 8.310503027E-02, 2.500073490E-02,-8.080508840E-02
        63, 2.786797207E-02, 8.447998420E-02, 2.500077689E-02,-1.898915424E-02
        64, 4.772229782E-02, 8.839739796E-02, 2.500073822E-02, 1.091789891E-01
        65, 3.269633336E-02, 9.166358524E-02, 2.500074403E-02,-1.236474753E-01
        66,-3.298693650E-02, 9.248524531E-02, 2.500075488E-02,-4.558605875E-01
        67, 1.342664485E-03, 9.531855741E-02, 2.500073234E-02,-4.678566300E-01
        68,-1.229752966E-02, 9.541582052E-02, 2.500070662E-02,-5.706074745E-01
        69,-7.405639456E-03, 9.551772909E-02, 2.500065942E-02,-5.397743599E-01
        70,-3.803863175E-02, 7.512650786E-02, 2.500090308E-02,-8.868456681E-01
        71,-3.582949794E-03, 7.924636984E-02, 2.500093788E-02,-3.234224048E-01
        72,-5.119482960E-02, 7.987383598E-02, 2.500103474E-02, 6.303742849E-01
        73, 3.815421533E-03, 8.045801492E-02, 2.500098371E-02,-2.379808202E-01
        74,-4.761643356E-02, 8.573924603E-02, 2.500095063E-02, 4.202844363E-01
        75, 3.896388174E-02, 8.628861298E-02, 2.500089340E-02, 5.238881919E-02
        76, 4.525537481E-02, 8.731868724E-02, 2.500093271E-02, 9.592745589E-02
        77, 6.456573180E-03, 9.501671879E-02, 2.500084590E-02,-4.216726592E-01
        78,-1.947051059E-02, 7.687592231E-02, 2.500116104E-02,-4.914080126E-01
        79, 4.337469124E-02, 8.701461594E-02, 2.500117698E-02, 8.208124582E-02
        80, 4.752504193E-02, 8.768246361E-02, 2.500108135E-02, 1.128584694E-01
        81,-3.674210272E-03, 7.923290339E-02, 2.500141758E-02,-3.244468820E-01
        82,-4.884443812E-02, 8.467895248E-02, 2.500131379E-02, 6.196847483E-01
        83, 3.841668728E-02, 9.055250643E-02, 2.500123032E-02,-2.861855253E-02
        84, 4.555106092E-02, 8.893836097E-02, 2.500138111E-02, 8.191005139E-02
        85,-4.516266363E-02, 7.561451925E-02, 2.500152743E-02,-1.258914149E+00
        86,-3.958581413E-02, 7.512740165E-02, 2.500168071E-02,-9.457727399E-01
        87, 4.456958800E-02, 8.721020748E-02, 2.500160470E-02, 9.090733064E-02
        88, 4.591463321E-02, 8.742724924E-02, 2.500178881E-02, 1.009172271E-01
        89, 4.444876728E-02, 8.920748354E-02, 2.500171579E-02, 6.580367425E-02
        90, 4.348610483E-02, 8.943644558E-02, 2.500178779E-02, 5.232596704E-02
