nodenumber,    x-coordinate,    y-coordinate,    z-coordinate,pressure-coefficient
         1, 5.603601408E-02, 7.693800050E-02, 2.500000188E-02, 3.273269465E-02
         2, 5.588161802E-02, 7.694055762E-02, 2.500000074E-02, 4.051457965E-02
         3, 5.555810980E-02, 7.694590256E-02, 2.499999772E-02, 4.035659803E-02
         4, 5.522846857E-02, 7.695134667E-02, 2.500000009E-02, 4.381116278E-02
         5, 5.472698180E-02, 7.695957815E-02, 2.500000414E-02, 4.489426127E-02
         6, 5.427365672E-02, 7.696691343E-02, 2.499999925E-02, 4.632636655E-02
         7, 5.343988240E-02, 7.698011811E-02, 2.500000000E-02, 4.638534215E-02
         8, 5.245227451E-02, 7.699515020E-02, 2.500004040E-02, 4.557958228E-02
         9, 5.195164484E-02, 7.700221765E-02, 2.500000712E-02, 4.520362918E-02
        10, 4.839595691E-02, 7.704590412E-02, 2.500003703E-02, 4.121951144E-02
        11, 5.606914081E-02, 7.731656619E-02, 2.500000584E-02, 3.833234508E-02
        12, 2.316805333E-02, 7.732494454E-02, 2.500000060E-02,-2.650725660E-02
        13, 1.994394702E-02, 7.735237037E-02, 2.500004563E-02,-4.249615563E-02
        14, 5.592931683E-02, 7.737898060E-02, 2.500000150E-02, 3.912305737E-02
        15, 1.032106058E-02, 7.743377386E-02, 2.500002708E-02,-1.005749651E-01
        16, 8.443251484E-03, 7.745289188E-02, 2.500000355E-02,-1.133246734E-01
        17, 5.564811115E-02, 7.750445879E-02, 2.499999436E-02, 3.814128707E-02
        18, 3.899090554E-04, 7.757513340E-02, 2.499999985E-02,-1.541046315E-01
        19, 5.524708537E-02, 7.768337203E-02, 2.499999981E-02, 3.415674192E-02
        20, 5.490286998E-02, 7.783669021E-02, 2.499999092E-02, 3.223348385E-02
        21,-1.294148000E-02, 7.794991803E-02, 2.500000613E-02,-1.840887778E-01
        22,-1.520864353E-02, 7.803268356E-02, 2.499999891E-02,-1.893461469E-01
        23, 5.438169214E-02, 7.806848145E-02, 2.500000155E-02, 2.905062135E-02
        24,-1.691158584E-02, 7.810369958E-02, 2.500001432E-02,-1.937254334E-01
        25,-2.071594853E-02, 7.831491877E-02, 2.500000151E-02,-1.969419780E-01
        26, 5.380649459E-02, 7.832359808E-02, 2.500005142E-02, 2.674015531E-02
        27,-2.120741526E-02, 7.834718966E-02, 2.499999766E-02,-1.972967086E-01
        28,-3.289544406E-02, 7.973165225E-02, 2.499999972E-02,-1.877364821E-01
        29,-3.628595645E-02, 8.052015703E-02, 2.500002428E-02,-1.622939182E-01
        30, 4.577130392E-02, 8.168563903E-02, 2.500003980E-02,-2.541364079E-02
        31,-3.966917587E-02, 8.174270652E-02, 2.499999963E-02,-9.185727566E-03
        32, 4.380374187E-02, 8.244935133E-02, 2.500000706E-02,-4.238147754E-02
        33,-4.222499403E-02, 8.342540277E-02, 2.500001449E-02, 4.663815759E-01
        34, 4.069923575E-02, 8.361212157E-02, 2.500000716E-02,-7.717752074E-02
        35,-4.280842558E-02, 8.408233144E-02, 2.499999991E-02, 6.976425449E-01
        36, 3.781287718E-02, 8.465095625E-02, 2.500000053E-02,-1.145828269E-01
        37, 3.367126425E-02, 8.607610230E-02, 2.500000002E-02,-1.745673496E-01
        38, 2.976045606E-02, 8.735356008E-02, 2.500000308E-02,-2.320564911E-01
        39,-4.314168246E-02, 8.779546278E-02, 2.500000458E-02, 5.058526372E-01
        40, 2.615899434E-02, 8.847037710E-02, 2.500000506E-02,-2.852502059E-01
        41,-4.265139384E-02, 8.860012445E-02, 2.500000328E-02, 1.911394730E-01
        42, 2.134745326E-02, 8.986497717E-02, 2.500000116E-02,-3.612375477E-01
        43,-4.103370284E-02, 9.024331095E-02, 2.499998640E-02,-3.712043597E-01
        44, 1.819633555E-02, 9.071813547E-02, 2.500002188E-02,-4.113609490E-01
        45,-3.713281624E-02, 9.248967468E-02, 2.500003563E-02,-7.784667800E-01
        46, 1.057138752E-02, 9.257369250E-02, 2.499999516E-02,-5.354776054E-01
        47,-3.478051228E-02, 9.340135883E-02, 2.500002179E-02,-8.758843663E-01
        48,-3.165999498E-02, 9.431656956E-02, 2.500000366E-02,-9.502945263E-01
        49,-3.322694155E-03, 9.506853459E-02, 2.500000293E-02,-7.726872176E-01
        50,-1.185224023E-02, 9.586456619E-02, 2.500000026E-02,-9.022031576E-01
        51,-1.714707747E-02, 9.598840341E-02, 2.500000075E-02,-9.598592462E-01
        52, 4.162446985E-02, 7.713117061E-02, 2.500021866E-02, 3.505491059E-02
        53, 3.276338206E-02, 7.724064413E-02, 2.500013156E-02, 1.128364444E-02
        54, 1.462942861E-02, 7.739661720E-02, 2.500015368E-02,-7.435129844E-02
        55,-2.927545222E-02, 9.484668787E-02, 2.500010502E-02,-9.799536627E-01
        56, 1.086109738E-02, 7.742906234E-02, 2.500024759E-02,-9.683850259E-02
        57,-3.805131770E-02, 8.108100092E-02, 2.500016016E-02,-1.116701505E-01
        58,-4.350660500E-02, 8.663597169E-02, 2.500012896E-02, 9.090478685E-01
        59, 4.089784357E-03, 7.751061168E-02, 2.500034320E-02,-1.379700227E-01
        60,-8.345092195E-03, 7.780084918E-02, 2.500029250E-02,-1.725343923E-01
        61,-3.877372009E-02, 9.170219602E-02, 2.500029010E-02,-6.703192709E-01
        62,-8.260166165E-03, 9.560362434E-02, 2.500028688E-02,-8.526794361E-01
        63,-1.023237722E-02, 7.786051301E-02, 2.500043253E-02,-1.763383794E-01
        64,-2.601547317E-02, 7.875271412E-02, 2.500044139E-02,-1.973614623E-01
        65, 2.042598506E-03, 9.425955062E-02, 2.500035379E-02,-6.832812027E-01
        66, 5.363104017E-02, 7.697903254E-02, 2.500061210E-02, 4.644263762E-02
        67, 5.012758500E-02, 7.702823038E-02, 2.500075591E-02, 4.416358716E-02
        68, 4.424622121E-02, 7.709737501E-02, 2.500066154E-02, 3.750823212E-02
        69, 5.055770519E-02, 7.973480935E-02, 2.500055905E-02, 8.800242193E-03
        70,-4.124258924E-02, 8.263698491E-02, 2.500055729E-02, 2.112738968E-01
        71, 7.091108531E-03, 9.331175167E-02, 2.500056118E-02,-5.911329243E-01
        72, 2.773044158E-02, 7.728843162E-02, 2.500068073E-02,-6.430782621E-03
        73,-7.265937400E-03, 7.776880731E-02, 2.500062687E-02,-1.706851265E-01
        74,-3.062548342E-02, 7.933672209E-02, 2.500058728E-02,-1.936582849E-01
        75, 1.341134816E-02, 9.191943765E-02, 2.500056332E-02,-4.844214279E-01
        76,-2.681255413E-03, 7.764499109E-02, 2.500069807E-02,-1.641382051E-01
        77,-2.479533197E-02, 9.553189804E-02, 2.500085233E-02,-9.935804825E-01
        78, 5.292572532E-02, 7.699106230E-02, 2.500098657E-02, 4.607713755E-02
        79,-4.058995871E-02, 9.059580793E-02, 2.500090917E-02,-4.634620711E-01
        80, 5.218055573E-02, 7.904055527E-02, 2.500106768E-02, 1.844816841E-02
        81,-2.100403190E-02, 9.585624320E-02, 2.500098705E-02,-9.837201520E-01
        82, 5.033662579E-02, 7.702805143E-02, 2.500151776E-02, 4.436388616E-02
        83, 3.761921548E-02, 7.718887957E-02, 2.500144814E-02, 2.587660788E-02
        84, 5.279361944E-02, 7.877492915E-02, 2.500142680E-02, 2.124902441E-02
        85,-4.353126808E-02, 8.628563601E-02, 2.500140904E-02, 9.755110470E-01
        86, 5.023360333E-02, 7.987597730E-02, 2.500161574E-02, 7.018462310E-03
        87,-4.334754652E-02, 8.507588778E-02, 2.500160336E-02, 9.715465375E-01
        88, 4.610796291E-02, 7.707739733E-02, 2.500178197E-02, 3.831661430E-02
        89,-4.354407436E-02, 8.604134680E-02, 2.500178377E-02, 1.018727982E+00
        90, 4.858359208E-02, 8.056259436E-02, 2.500191368E-02,-4.182282648E-03
        91, 5.127263970E-02, 7.701817954E-02, 2.500215953E-02, 4.493208385E-02
        92,-4.148582441E-02, 8.989053578E-02, 2.500209337E-02,-2.727155056E-01
        93, 5.208110682E-02, 7.908866671E-02, 2.500223267E-02, 1.796477911E-02
