nodenumber,    x-coordinate,    y-coordinate,    z-coordinate,pressure-coefficient
         1, 5.228155385E-02, 8.253453223E-02, 2.499967936E-02, 9.101037292E-02
         2,-3.131852341E-02, 7.723636662E-02, 2.500000697E-02,-5.320609536E-01
         3,-2.239245999E-02, 7.726895973E-02, 2.500000122E-02,-4.349539994E-01
         4,-1.926482590E-02, 7.739485400E-02, 2.500000245E-02,-4.116055396E-01
         5,-1.108740907E-02, 7.783323370E-02, 2.499999950E-02,-3.529078627E-01
         6,-6.777044705E-03, 7.808914270E-02, 2.499999931E-02,-3.269305914E-01
         7,-3.989835879E-02, 7.809111831E-02, 2.500006681E-02,-6.876961257E-01
         8,-2.539318389E-03, 7.836416200E-02, 2.500010315E-02,-2.966402711E-01
         9,-4.143675559E-02, 7.843346242E-02, 2.500004488E-02,-7.113873030E-01
        10, 1.593864298E-03, 7.865557141E-02, 2.500000016E-02,-2.610847147E-01
        11, 5.449542130E-03, 7.894603559E-02, 2.500004119E-02,-2.216921138E-01
        12, 5.918905439E-03, 7.898226248E-02, 2.500000264E-02,-2.168671778E-01
        13, 8.347201897E-03, 7.917180161E-02, 2.499999948E-02,-1.938690566E-01
        14,-4.505220295E-02, 7.984745387E-02, 2.500008107E-02,-5.065898338E-01
        15, 2.080226131E-02, 8.015607084E-02, 2.500000564E-02,-8.593402688E-02
        16,-4.587972943E-02, 8.040073870E-02, 2.500001476E-02,-2.794644645E-01
        17, 2.552493649E-02, 8.052874518E-02, 2.500000068E-02,-5.104319768E-02
        18, 3.815280014E-02, 8.148769991E-02, 2.500002778E-02, 1.943107117E-02
        19, 4.123107921E-02, 8.171534887E-02, 2.500003438E-02, 3.627566046E-02
        20,-4.722224554E-02, 8.204548720E-02, 2.500000256E-02, 6.234073209E-01
        21, 4.855089296E-02, 8.226724901E-02, 2.500000152E-02, 7.103270121E-02
        22, 4.978063896E-02, 8.235637869E-02, 2.499999771E-02, 7.840629585E-02
        23, 5.075452911E-02, 8.242612250E-02, 2.500000056E-02, 8.438022177E-02
        24, 5.129630083E-02, 8.246466959E-02, 2.500000000E-02, 8.672162227E-02
        25, 5.161880657E-02, 8.248756248E-02, 2.500000005E-02, 8.843886114E-02
        26, 5.228173973E-02, 8.253454680E-02, 2.500000045E-02, 9.101182300E-02
        27, 5.249999531E-02, 8.254999567E-02, 2.499999732E-02, 8.971617409E-02
        28, 5.249999844E-02, 8.292999783E-02, 2.500000007E-02, 9.317868274E-02
        29, 5.113623840E-02, 8.340072459E-02, 2.500005234E-02, 8.305906964E-02
        30, 5.069520845E-02, 8.355204835E-02, 2.499999925E-02, 7.943154530E-02
        31, 4.933705098E-02, 8.401506699E-02, 2.500000478E-02, 6.786649558E-02
        32, 4.933719456E-02, 8.401530949E-02, 2.500007640E-02, 6.786670088E-02
        33, 4.914561356E-02, 8.407976295E-02, 2.500002282E-02, 6.614994546E-02
        34, 4.786999226E-02, 8.450609324E-02, 2.500002558E-02, 5.435324690E-02
        35, 4.743351630E-02, 8.464980759E-02, 2.500003648E-02, 5.014031678E-02
        36, 4.386759292E-02, 8.577993546E-02, 2.499999616E-02, 8.580721035E-03
        37, 4.252129216E-02, 8.618834563E-02, 2.499999737E-02,-1.006577468E-02
        38, 4.013288172E-02, 8.689064413E-02, 2.499999561E-02,-4.629176574E-02
        39,-4.466905637E-02, 8.794945330E-02, 2.499999567E-02, 1.338294614E-01
        40,-4.319851090E-02, 8.900125339E-02, 2.500000264E-02,-1.127490998E-01
        41, 3.002579968E-02, 8.956246283E-02, 2.500011507E-02,-2.084448937E-01
        42,-4.054635067E-02, 9.048655805E-02, 2.500000273E-02,-3.779429491E-01
        43, 2.520457704E-02, 9.068707805E-02, 2.500009818E-02,-2.793530747E-01
        44, 2.185361302E-02, 9.140910628E-02, 2.500000407E-02,-3.291500031E-01
        45,-3.805033388E-02, 9.157649585E-02, 2.500010710E-02,-5.246079112E-01
        46, 1.707464172E-02, 9.235692527E-02, 2.499999740E-02,-3.984511445E-01
        47,-3.487072784E-02, 9.268508035E-02, 2.500001096E-02,-6.563585706E-01
        48,-3.104636838E-02, 9.370692627E-02, 2.500008097E-02,-7.486410309E-01
        49, 3.974537916E-03, 9.439206442E-02, 2.500000431E-02,-5.756612012E-01
        50,-2.722401016E-02, 9.446493731E-02, 2.499999890E-02,-7.995522913E-01
        51, 3.201795661E-04, 9.480977103E-02, 2.500001485E-02,-6.293639889E-01
        52,-3.963759145E-03, 9.519766468E-02, 2.500000053E-02,-6.902756167E-01
        53,-2.034672382E-02, 9.530022625E-02, 2.500002225E-02,-8.346968192E-01
        54,-1.553295201E-02, 9.553848527E-02, 2.500000065E-02,-8.181276227E-01
        55,-1.168902997E-02, 9.555780992E-02, 2.499999871E-02,-7.887181145E-01
        56,-2.692206538E-02, 7.719099545E-02, 2.500021640E-02,-4.721921769E-01
        57, 3.665222997E-02, 8.786254628E-02, 2.500013577E-02,-1.037310156E-01
        58,-2.371948736E-02, 9.497322245E-02, 2.500012890E-02,-8.271398306E-01
        59,-4.358735469E-02, 7.913298743E-02, 2.500024835E-02,-6.756226051E-01
        60,-2.371949020E-02, 9.497323530E-02, 2.500013227E-02,-8.271399421E-01
        61,-2.222439501E-02, 7.727569653E-02, 2.500026070E-02,-4.338221901E-01
        62,-3.444435748E-02, 7.739757569E-02, 2.500037218E-02,-5.808104058E-01
        63,-3.703757256E-02, 7.764349854E-02, 2.500029009E-02,-6.298861377E-01
        64, 3.011023584E-02, 8.088718841E-02, 2.500027047E-02,-2.221620903E-02
        65, 5.202974524E-02, 8.251730062E-02, 2.500019485E-02, 8.941013625E-02
        66,-4.752257484E-02, 8.344749066E-02, 2.500018985E-02, 1.128735675E+00
        67, 2.350318363E-02, 9.105789606E-02, 2.500027869E-02,-3.045910380E-01
        68, 1.214637939E-02, 9.322574364E-02, 2.500020645E-02,-4.673545313E-01
        69, 7.109324405E-03, 9.398183648E-02, 2.500017791E-02,-5.348847045E-01
        70,-1.552132440E-02, 7.758856190E-02, 2.500041220E-02,-3.822873261E-01
        71, 1.338394059E-02, 7.957137662E-02, 2.500048977E-02,-1.467289574E-01
        72, 1.700465271E-02, 7.985752866E-02, 2.500044691E-02,-1.161271366E-01
        73, 4.517132732E-02, 8.201488637E-02, 2.500035919E-02, 5.304853952E-02
        74, 2.066894995E-02, 8.014721819E-02, 2.500053006E-02,-8.701250974E-02
        75, 3.435774473E-02, 8.120914823E-02, 2.500048275E-02, 6.373635890E-04
        76, 4.329651334E-02, 8.187238029E-02, 2.500049372E-02, 4.474819613E-02
        77, 3.348251123E-02, 8.869939481E-02, 2.500051875E-02,-1.550161303E-01
        78, 7.570416247E-03, 9.392069897E-02, 2.500049772E-02,-5.290993339E-01
        79,-4.745603843E-02, 8.274779190E-02, 2.500063161E-02, 9.575199522E-01
        80, 5.197159523E-02, 8.311520588E-02, 2.500066639E-02, 8.956675020E-02
        81, 5.168492882E-02, 8.321404401E-02, 2.500064943E-02, 8.712622775E-02
        82, 4.776790466E-02, 8.221238611E-02, 2.500089955E-02, 6.716341826E-02
        83, 5.234684599E-02, 8.298641531E-02, 2.500086862E-02, 9.226801825E-02
        84,-4.602124266E-02, 8.668147173E-02, 2.500085807E-02, 4.885707986E-01
        85,-8.531609733E-03, 9.547426635E-02, 2.500084837E-02,-7.544266411E-01
        86, 4.931396739E-02, 8.232597632E-02, 2.500103241E-02, 7.563073037E-02
        87,-4.669656794E-02, 8.579253962E-02, 2.500107688E-02, 7.555838817E-01
        88,-4.681877325E-02, 8.134889406E-02, 2.500119851E-02, 2.224829693E-01
        89, 4.875732984E-02, 8.228617587E-02, 2.500122725E-02, 7.216357870E-02
        90, 4.445343907E-02, 8.560492693E-02, 2.500130116E-02, 1.673800658E-02
        91, 4.690636641E-02, 8.214964860E-02, 2.500143521E-02, 6.189485679E-02
        92, 4.999083215E-02, 8.237609060E-02, 2.500145093E-02, 7.955173993E-02
        93, 4.647800874E-02, 8.496573499E-02, 2.500142968E-02, 4.059280098E-02
        94, 4.647812432E-02, 8.496594335E-02, 2.500149275E-02, 4.059291410E-02
        95, 4.857407939E-02, 8.427890908E-02, 2.500178278E-02, 6.098018403E-02
        96,-4.733802955E-02, 8.443184189E-02, 2.500173739E-02, 1.104611489E+00
        97, 4.585643156E-02, 8.516558499E-02, 2.500166679E-02, 3.418080426E-02
        98, 4.585656060E-02, 8.516582329E-02, 2.500173409E-02, 3.418090715E-02
        99, 5.006315402E-02, 8.377798794E-02, 2.500237894E-02, 7.419250296E-02
