(title "Static Pressure")
(labels "Position" "Static Pressure")

((xy/key/label "tap-plane")
0.0940703	-14.7769
0.0957139	-13.5846
0.0887222	-21.6462
0.0908515	-18.2568
0.102775	-3.85589
0.102441	-4.7691
0.0974013	1.70155
0.0962984	2.04214
0.0794526	0.00471533
0.0759336	-1.39123
0.103405	-2.93702
0.103044	-2.1315
0.0847947	-29.5887
0.0990763	-10.8849
0.0998155	-9.94223
0.101793	-6.57894
0.103108	-2.53186
0.0982099	1.26523
0.0807402	-39.5507
0.098659	1.01456
0.0994519	0.683142
0.100078	0.560277
0.10015	0.549856
0.0950601	2.2178
0.103404	-1.49325
0.0943461	2.27021
0.101163	0.240034
0.0918258	2.27904
0.101712	-0.0405698
0.0884028	2.1611
0.0688643	-60.9246
0.0762929	-49.0303
0.0642989	-71.3395
0.102308	-0.815753
0.0843289	1.52631
0.102389	-0.941411
0.102754	-1.47856
0.102915	-1.80436
0.103536	-4.43003
0.103569	-2.39467
0.051614	-14.7267
0.0576167	-11.2065
0.0639073	-7.31503
0.0686561	-4.97806
0.10057	-8.87057
0.10112	-7.91107
0.100856	-8.39162
0.097437	-12.5517
0.0679886	-5.30023
0.0578714	-91.083
0.0467397	-130.366
0.0398033	-154.078
0.0148658	-52.8663
0.017251	-51.6793
0.0345088	-168.103
0.0117304	-51.938
0.0270428	-180.064
0.0100805	-46.2712
0.0214972	-182.629
0.00803225	-26.1244
0.00694822	-1.48153
0.0183777	-179.93
0.00556823	53.7365
0.0148631	-170.214
0.00488792	105.332
0.0113888	-149.659
0.0043297	163.967
0.00860181	-115.352
0.00401739	199.601
0.00663308	-65.8032
0.00396625	197.939
0.00581734	-25.2461
0.00414279	155.392
0.00485456	50.5194
0.0044053	106.999
0.0578714	-91.083
0.0520124	-110.743
0.051614	-14.7267
0.0473851	-17.1791
0.0214511	-46.6976
0.0393015	-22.2557
0.0258752	-39.3368
0.033817	-28.0585
0.0316084	-30.6504
)
